100	2
 1.5948 0.8422
 3.1140 2.9265
 2.5667 1.4091
 3.5446 2.3936
 3.1689 1.9534
 2.4114 1.2906
 1.1928 0.2983
 1.7858 1.1770
 2.3936 1.4927
 2.7263 1.4221
 4.1757 3.7782
 2.4054 1.0858
 3.3720 2.1908
 3.9058 2.8502
 3.2317 1.4752
 3.0848 1.6365
 2.3895 0.8866
 3.8413 1.5958
 4.6286 4.3955
 3.4755 2.1096
 3.3073 2.6428
 3.2354 2.2193
 4.0340 2.4973
 2.6691 1.6846
 2.4878 1.7155
 3.5319 1.9805
 2.6935 2.2464
 3.8918 3.3243
 1.5361 0.6401
 4.3264 3.4615
 2.2694 0.8113
 3.2385 2.4640
 2.5321 1.5230
 3.7136 3.3434
 1.5825 0.3071
 1.9327 1.9162
 4.6324 3.4779
 2.0246 1.3163
 2.3016 2.0033
 3.0623 2.5369
 2.2013 0.8994
 3.1467 1.7331
 4.1759 2.6596
 3.0687 2.5303
 4.7262 3.4944
 1.5503 0.5014
 2.7154 1.7798
 2.1260 1.6648
 3.3685 2.2624
 1.7383 0.9993
 1.2404   -0.5929
 2.6065 1.3548
 1.1850   -0.0984
 2.1019 0.9131
 2.4527 1.1753
 1.3296 0.3127
 3.5639 2.2934
 3.3056 2.5618
 2.3729 2.0615
 1.6077 0.0778
 2.7247 2.5163
 2.8321 2.4082
 0.8271 0.0852
 4.3074 3.8654
 3.4355 2.4987
 1.2465   -0.0229
 4.9781 4.2719
 2.8465 2.8349
 1.5266 0.3365
 2.0740 0.7300
 3.2627 2.7326
 1.5602 0.6937
 2.5265 0.9793
 2.8985 2.4475
 2.5750 1.5504
 3.2037 1.8367
 2.2880 1.1057
 2.7495 1.5576
 3.1907 2.5803
 0.7799   -0.5018
 1.0818 0.4781
 1.9329 1.4774
 3.0799 1.6971
 3.2028 2.3283
 2.2689 0.6213
 4.3124 3.4850
 4.1330 2.5305
 2.8229 2.1921
 6.3255 5.1820
 2.6347 1.4919
 3.9834 2.2400
 2.9370 2.5237
 1.2751 0.5142
 4.8798 4.4230
 1.9364 1.0465
 3.0737 1.2912
 4.9208 4.4654
 3.6427 2.4514
 3.3710 2.7368
 2.8546 1.5543