200 3
   -0.0951    0.1059    3.2413
   -0.9950   -1.4390    2.2908
   -0.0166    0.2717    2.6149
   -1.7160   -1.4864    2.5154
    1.2576    0.6899    2.0632
   -1.1842   -0.8439    2.9530
    0.2816    0.8047    3.3414
    0.9143    0.7542    2.5197
    0.4827    0.0428    2.6410
    0.3736   -0.1511    2.1296
   -0.8645   -1.3194    2.7747
   -0.0551    0.1241    4.1992
    0.9304    0.9853    3.4265
   -0.7636   -1.0288    2.5797
   -1.2357   -0.7835    2.2462
   -0.6987   -1.0933    3.0009
    0.8544    1.4173    3.6390
   -0.2746   -1.1746    2.0483
    0.2229    0.0812    2.8152
   -1.7448   -1.2420    3.1869
   -0.7726   -0.6900    2.8125
   -0.6995   -0.6081    2.9441
   -1.2659   -1.3610    2.0081
    1.1740    1.9132    4.2868
    1.0399    0.7352    2.3013
   -1.5672   -1.1062    2.9897
    0.2499    0.7529    3.7440
   -0.9656   -1.0171    2.5093
   -0.1657    0.4823    3.8456
    0.0457    0.2346    3.6341
    1.7096    0.8901    1.8688
    0.3704    0.1280    2.1769
   -0.6565   -0.6541    2.5146
    0.8314    1.0263    3.6822
    0.8760    1.0991    3.6915
    0.1383    0.4283    3.2185
    2.2422    1.3873    2.9809
   -0.1668   -0.8151    3.1384
   -0.4590    0.1734    3.0984
    0.5462    0.8505    3.1415
   -1.3023   -0.9924    2.1185
   -0.4115    0.3036    3.7586
   -0.5401    0.3190    4.1843
    1.3665    0.8932    2.7152
    0.7068    0.6544    3.6564
    0.6076    0.7347    3.2342
    0.9198    0.8803    3.3551
    0.8994    0.8979    3.7416
    0.0327    0.1141    3.3709
   -1.4159   -0.8006    3.4083
   -1.6809   -2.7109    1.9228
    0.0378    0.0314    2.5905
    1.6635    1.3880    2.9957
    0.8310    0.5436    3.0638
    1.0477    1.0057    3.1205
    1.7938    1.8473    3.3729
   -0.4851   -0.5608    3.0855
   -0.6336   -0.5624    2.6524
    1.1019    0.2725    2.5666
   -0.7170   -1.1310    2.2111
    2.2000    1.8173    3.0541
    0.8906    0.7273    3.2993
   -0.6354   -1.0370    2.4663
   -0.3735   -0.8508    1.4352
    0.5219    0.7369    3.2601
    0.7129    0.7004    2.7220
    1.1684    1.6517    3.9793
    0.3400    0.5439    3.0184
   -1.0147   -1.4213    2.2023
    0.0931   -0.8832    2.4668
   -1.5362   -1.3219    3.5340
    0.5762    0.4196    3.3624
    0.5721    0.7566    2.6703
    0.1467    0.5304    4.1554
   -0.9257   -0.9204    3.2009
    1.2731    1.2107    3.4445
    0.9879    0.5747    3.9347
   -0.7119   -0.1170    3.2551
   -1.3343   -1.1783    3.5720
    1.0042    0.6717    2.4307
    0.6085    0.3483    2.7108
    0.0359    0.8249    3.3937
    0.2554    0.4512    3.5623
    0.6972    0.8107    3.5165
   -0.4312   -0.2412    2.7888
    1.5539    1.5966    2.9026
    0.3467    0.5178    2.0855
   -0.7665   -0.6871    2.4179
   -0.4935    0.3020    3.1152
    1.5045    1.2497    3.4796
   -0.6499   -0.9525    2.9325
   -1.0605   -1.1344    1.6725
    1.1547    1.5549    3.0363
    0.3193    0.6280    3.2413
    2.2035    2.4940    4.4614
   -0.2679   -0.3345    3.4061
    0.6381    0.6400    3.8700
   -0.0194   -0.8083    1.9008
    0.4323    0.8012    3.2658
   -1.5897   -1.4776    2.1594
    0.2497    0.2491    3.3278
    0.7631    1.1286    4.0106
   -0.0057   -0.1243    2.1676
   -0.3597   -0.1359    3.0822
    0.0259   -0.2896    2.4022
   -2.0893   -2.1122    2.5865
    1.2419    1.3538    4.0400
    0.3421    0.2156    3.5050
    0.5506   -0.1869    2.5408
    0.6547    0.3548    2.6698
    0.2868    1.5264    4.3094
    1.4184    1.4913    3.0004
   -1.1189   -0.9133    3.4123
   -0.0747   -0.2455    2.3716
    1.0841    0.1826    1.4163
   -0.0145    0.0460    2.6908
    0.6429   -0.7635    2.2320
   -1.6199   -1.8604    2.3245
    0.3487   -0.3204    2.1692
    1.0834    0.8821    3.2016
   -2.2401   -1.5481    3.2698
   -0.2356    0.0128    3.4117
   -1.2532   -1.3212    2.4438
   -1.0302   -1.6362    3.0080
    0.5928    0.3011    3.3289
    1.0903    0.4644    1.4975
   -0.2095   -0.0013    2.7438
   -0.5192   -0.7226    2.5859
    1.8022    2.2396    4.3008
   -0.0861   -0.1287    2.7945
    0.3806   -0.3195    2.2888
   -0.3479   -0.2786    2.8232
    0.5073    0.7693    2.8671
   -1.2222   -1.3161    3.4702
    0.0216    0.2887    3.2272
   -0.8857   -0.6492    4.0473
   -0.1916   -0.0049    2.7524
    0.6895    0.4782    2.8566
    1.9593    1.7078    2.7345
   -0.4520   -0.4654    2.4542
    0.5333    0.4239    3.4505
   -0.4571   -1.0459    2.5163
    0.0894    0.0725    2.6120
    2.7826    1.9854    3.0241
    0.1813    0.2190    2.9013
   -0.5969   -1.0457    2.6669
    1.0022    1.4960    3.5397
    0.9248    1.1902    4.3042
   -1.5217   -1.6045    1.7211
   -0.6401    0.3239    4.0457
   -0.4480    0.0934    2.8000
   -0.2537    0.1437    3.0512
    0.1049   -0.8091    1.4875
   -0.5604   -1.0561    2.9508
    0.4334    0.0840    2.6586
    0.4708    0.2808    3.0764
   -0.8426   -1.3300    1.5163
    0.3759    0.6239    2.9708
   -1.1219   -1.2375    2.6693
    0.8249    0.6703    3.0348
   -0.2138   -0.4316    2.9797
    0.7200    0.6096    3.6237
   -0.9935   -0.2960    3.0773
    0.7819   -0.0942    1.7928
   -0.2763   -0.6677    2.6661
   -0.0726   -0.2706    2.6931
   -0.2717   -0.0027    3.2315
    0.6712    0.1582    2.2167
    1.8027    1.3937    2.6659
    0.8961    1.1131    3.7367
    0.0294   -0.5087    3.0930
   -0.7476   -0.2162    3.2222
    0.0840    0.2248    3.6916
   -0.9976   -0.6494    3.7087
   -0.0874   -0.0851    3.4607
    0.9421    0.4131    3.3720
   -0.0875   -0.7760    2.3377
    1.1928    1.1404    2.5846
   -0.4982   -0.1364    2.8883
    0.4375    0.7095    3.3830
    0.3300    0.2595    2.3648
   -1.4001   -0.5417    3.3143
   -0.5219   -0.3890    3.5665
    1.0049    0.7288    2.6440
   -1.1378   -0.9781    2.9175
   -0.1532   -0.4064    2.7859
   -0.9742   -0.5771    3.9882
   -0.9795   -0.2030    3.4757
   -0.9215   -0.3759    3.6330
    0.8231    0.8490    2.7321
    0.0066   -0.5873    1.9171
    0.3741    0.0592    2.9014
   -0.5552   -0.3240    3.3299
   -0.1246   -0.1456    2.7225
    0.8370    1.3559    3.9896
   -1.2875   -0.8707    2.7713
   -0.7585   -1.3076    2.3849
    1.0206    1.1944    3.2054
    1.6944    1.8164    3.7902
   -0.8632   -0.0138    3.8706